00110011
00110011
00110011
00110011
00110011
00110011
00110011
00110011
00110011
00110011
01101101
00010000
00011111
10100111
10000001
01100101
00110011
01110101
00111011
01111011
11111111
01101110
11000111
00010000
00100010
10010010
00011001
10101000
11010111
10011001
10100101
00110010
10001100
01011110
00110011
10000000
01100110
10010000
00110111
00010110
01001101
10111111
01101101
01010111
00000110
11100011
11010001
00001000
10000000
01000000
10000001
11110000
00100000
01000100
10010000
01000000
10000000
10001111
00110000
11001110
