000000000000
000000000010
111111111110
111111111101
000000000010
000000000010
111111111100
111111111110
011000001010
000101011110
010111111100
100011111001
100000111100
110101001110
110010111110
111111111010
010111101001
000010000100
100100110010
011011010110
001101001100
000010101100
110010010110
001011100010
010001000110
100010110110
101001100100
011101010010
000011100001
101111111000
101101011100
001011110110
101100101101
010101010001
000110000010
000100100010
000000000101
000001000101
000000000101
001000000100
